position:
    - rack1: [1.260054, 4.349990, 3.140017]
    - rack2: [2.030010, 3.300094, -1.569944]
    - rack3: [1.610650, -1.750544, 1.569966]
    - arm: [1.600000, -2.400000, 3.140001]

package_id: [3, 1, 2]